Sampling_Frequency : 250
Cut-Off_Frequency : 5
Sampling_Count : 751

HPF_Ts : 0.004
HPF_Tau : 0.031831
HPF_Omega : 0.888365 1063480288 0x3f636be0
HPF_FilterR : 318.31
HPF_OmegaCal : 0.888365 1063480288 0x3f636be0
