LPF_ACoef : 0.0133698 0.0267396 0.0133698 0 0 0 
LPF_BCoef : 1 -1.64746 0.700897 0 0 0 
LPF_Input : 0 0 0 0 0 0 
LPF_Output : 0 0 0 0 0 0 
