HPF_Ts : 0.004
HPF_Tau : 0.031831
HPF_Omega : 0.888365
HPF_FilterR : 318.31
HPF_OmegaCal : 0.888365
HPF_Input : 0
HPF_Output : 0
